2
100
126
3
10251
702189
29632
20
10895
20756
1234
5678
112
244
189
974
78345
777777
888
26743
74531
563261
2222
17534
754321
754324
6453
1876
100
53
1207
163
199
901
676
1212
812
543
345
1010
666
777
888
102
104
964
871
323
444
515
155
551
105
106
107
336
567
368
876
378
567
378
453
5555
397
416
100256
100526
33333
171717
101290
85461
102052
775533
102506
102511
362992
365639
368105
368551
368785
369188
5555
5656
5757
5858
5959
5920
6060
6161
6262
6363
6464
6565
6666
6767
6868
6969
7070
7171
7272
7373
7474
7575
7676
7777
7878
7979
8080
8181
8282
8383
8484
8585
8686
8787
8888
8989
9090
9191
9292
9393
9494
9595
9696
9797
9898
9999
1001
0
